2023-03-20 16:41:20.970 [info] Log level: Info
2023-03-20 16:41:20.970 [info] Validating found git in: "git"
2023-03-20 16:41:20.970 [info] Using git "2.39.2" from "git"
2023-03-20 16:41:20.973 [info] > git rev-parse --show-toplevel [25ms]
2023-03-20 16:41:20.991 [info] > git rev-parse --git-dir --git-common-dir [2ms]
2023-03-20 16:41:21.005 [info] Open repository: /home/ilya/test-selfieid
2023-03-20 16:41:21.056 [info] > git config --get commit.template [7ms]
2023-03-20 16:41:21.057 [info] > git rev-parse --show-toplevel [19ms]
2023-03-20 16:41:21.081 [info] > git rev-parse --show-toplevel [13ms]
2023-03-20 16:41:21.092 [info] > git for-each-ref --format=%(refname)%00%(upstream:short)%00%(objectname)%00%(upstream:track)%00%(upstream:remotename)%00%(upstream:remoteref) refs/heads/master refs/remotes/master [14ms]
2023-03-20 16:41:21.121 [info] > git status -z -uall [17ms]
2023-03-20 16:41:21.122 [info] > git rev-parse --show-toplevel [31ms]
2023-03-20 16:41:21.133 [info] > git rev-parse --show-toplevel [2ms]
2023-03-20 16:41:21.144 [info] > git for-each-ref --sort -committerdate --format %(refname) %(objectname) %(*objectname) [28ms]
2023-03-20 16:41:21.174 [info] > git rev-parse --show-toplevel [31ms]
2023-03-20 16:41:21.183 [info] > git config --get commit.template [9ms]
2023-03-20 16:41:21.198 [info] > git for-each-ref --format=%(refname)%00%(upstream:short)%00%(objectname)%00%(upstream:track)%00%(upstream:remotename)%00%(upstream:remoteref) refs/heads/master refs/remotes/master [2ms]
2023-03-20 16:41:21.221 [info] > git status -z -uall [12ms]
2023-03-20 16:41:21.223 [info] > git for-each-ref --sort -committerdate --format %(refname) %(objectname) %(*objectname) [2ms]
2023-03-20 16:41:21.569 [info] > git check-ignore -v -z --stdin [2ms]
